2145455
2170006
2196569
2198169
2280705
2289395
2297028
2299990
2312699
2376224
2390190
2396039
2397193
2399560
2401380
2404921
2408574
2408778
2410834
2413501
2414254
2417031
2455404
2461346
2474346
2484815
2486279
2488976
2489810
2490142
2490359
2490540
2490731
2491332
2494520
2498021
2501141
2501206
2501963
2502409
2502742
2503589
2503725
2503916
2505464
2506214
2506845
2507446
2507792
2507802
2507996
2508351
2508380
2510844
2511047
2511694
2512460
2512978
2513634
2513692
2514772
2514808
2516204
2516466
2517795
2518448
2518516
2519544
2519557
2519612
2523019
2523417
2523831
2524018
2525619
2527549
2529071
2529084
2529330
2529408
2529563
2529903
2530196
2532275
2532453
2532479
2532916
2533009
2533180
2534464
2534833
2534927
2535081
2535191
2539854
2541169
2542595
2553306
2595568
2607773
2607870
2608073
2608086
2608099
2608125
2608138
2608167
2608484
2608947
2609027
2609056
2609140
2609263
2609425
2609506
2609726
2609771
2610566
2610773
2610948
2611675
2611688
2611963
2612205
2612218
2612276
2612726
2612742
2613042
2613217
2613628
2613644
2613725
2613767
2613987
2614012
2614229
2614287
2614614
2614669
2614740
2615053
2615189
2615503
2615516
2615684
2615723
2615736
2615914
2615943
2616214
2616230
2616272
2616298
2616366
2616405
2617268
2617514
2617530
2617776
2617802
2617828
2617831
2617996
2618296
2618623
2618762
2619020
2619635
2619693
2619703
2619897
2619936
2620129
2620271
2620721
2620734
2621393
2621872
2622033
2622088
2622101
2622460
2622868
2622949
2622978
2623184
2623197
2623252
2623278
2623304
2623676
2623867
2623919
2624057
2624109
2624507
2624523
2624714
2624772
2624798
2624947
2624963
2625027
2625250
2625580
2626097
2626194
2626217
2626259
2626369
2626424
2626660
2626835
2626864
2626877
2626932
2627067
2627384
2627591
2627779
2627818
2627821
2627892
2628260
2628312
2628639
2628833
2629272
2629641
2629803
2629816
2629900
2631105
2631406
2632052
2632188
2632214
2632227
2632308
2632382
2632492
2632638
2632683
2632939
2633307
2633323
2633381
2633420
2633679
2633789
2633831
2633857
2633860
2634063
2634089
2634160
2634296
2634364
2634416
2634542
2634759
2635033
2635059
2635237
2635606
2636045
2636223
2636317
2636388
2636511
2636540
2637057
2637154
2637222
2637400
2637426
2637468
2637471
2637549
2637594
2637798
2637837
2637921
2637934
2638250
2638357
2638483
2638878
2638991
2639013
2639356
2639411
2639440
2639453
2639738
2639806
2639932
2639945
2640125
2640167
2640264
2640277
2640316
2640329
2640332
2640390
2640507
2640510
2640594
2640620
2640633
2640727
2640808
2640882
2640934
2640947
2640989
2641027
2641153
2641441
2641548
2641551
2641616
2641629
2641726
2641768
2641988
2642055
2642097
2642204
2642987
2643083
2644189
2644561
2645272
2655042
2655097
2655327
2655343
2655440
2655615
2655851
2655877
2655903
2656012
2656067
2656106
2656203
2656274
2656290
2656355
2656371
2656533
2656601
2656850
2656876
2656902
2656915
2656960
2657257
2657406
2657422
2657545
2657574
2657671
2657723
2657749
2657752
2657781
2657833
2657846
2657891
2657927
2658094
2658324
2658434
2665540